11111111111111111111111111
11111111110111101111111111
10000011000100100001000001
10000010011100111001000001
10000010010000001001000001
10000010010000001001010001
10000010000000000000011111
11111010010000001000000001
10000000010111101000000011
11000000000000000001111111
11111100000000000000000001
10000111100111110001000001
10000000100100010001000001
10000000000100010001111011
10000000100100010000000011
10000000100100010001101111
11111110100100010011000001
11000000000110110000000001
10000000000000000011000001
11000000001100110001111111
11111101001000010000000001
10000001001000000000000011
10000001001000010010111111
10000001001000010010000001
10000001001000010010000001
10000001011000011010000001
11111111111111111111111111
11111111111111111111111111